Mean Squared Error: 0.017421813648158497
Average: 0.22895442646124664
Sum: 780.5056398063898
Median: 0.20222362875938416
Quantiles (25th, 50th, 75th): [0.13184942 0.20222363 0.31371552]
