Mean Squared Error: 0.015051401984326826
Average: 0.22411819619866158
Sum: 764.0189308412373
Median: 0.20017583668231964
Quantiles (25th, 50th, 75th): [0.13026384 0.20017584 0.30975541]
